68913523
66442901
66443006
66500833
66444770
66890453
69694730
70214802
66442733
66442971
66443174
66443230
66443405
66443573
66443643
67024433
67334771
68213243
68213404
68913544
69026482
69027560
69507291
69619830
70211176
70211183
70211344
70211806
70211974
70212240
70212632
70214403
70214480
70214690
63972181
66442985
67334841
69694541
69695143
70211771
70212184
70212191
70212583
61763016
66443223
66443482
66444700
68213292
68913733
69108214
69570116
69694415
69694681
69707211
70211785
70211890
70212415
70214410
70214662
66442691
66442866
66443391
66443601
67024531
68213236
68213432
68997740
69507305
69507312
69692161
69692385
69694653
69694884
69694940
69695080
69695150
70212611
70212730
70214522
70217483
69026461
70214683
66443335
66443356
68198865
66443202
66443216
68913775
69027546
69400674
69694443
69695171
70212982
54302675
66399774
66443433
66443545
66443566
66920252
68913530
68913705
68913726
68997782
69026601
69027511
69027581
69400695
69535501
69694471
69694562
69694576
69694611
69695045
69707162
70211204
70211211
70211232
70211295
70211330
70212163
70212226
70212534
70212555
70212716
70213045
70214242
70214382
70214452
70214501
70214515
70214543
70214641
70216461
70252294
70212541
68913642
69026496
70212016
70212744
70925505
66571064
67334071
68913754
68997705
68997733
69026475
69027623
69388760
69692112
69692154
69695010
70025431
70213024
70214172
70214221
70217546
66443090
66444721
67024454
68202372
69026615
69694695
69695164
70211351
70211862
70212044
70212863
70212884
70212961
70213136
70216475
64671936
66443503
68913670
70211365
70212856
70214795
66442943
66443272
66443426
66443510
66443594
66443615
66444420
66579254
68213313
68913621
69026020
69026643
69187314
69694492
69695185
69695206
69707183
70212142
70212156
70212261
70212296
70212450
70212793
70212835
70212975
70214396
70214655
70216433
70211302
66442782
66442915
66443160
66443286
66904306
67024552
69247542
70055370
70206052
70211750
70212436
70058856
70216510
66443580
68995024
70214564
60042402
66443251
66832780
68039013
69026083
69592796
70211820
70212065
70212233
70213122
70214424
70216482
70216503
65056635
66443195
66443496
67024475
69026055
69026552
69692140
70211260
70211386
70212030
70212604
70212653
70212842
70350546
70636811
66443153
69535480
69694394
69694436
69694485
69695122
70211281
70211876
70211883
70211960
70212933
70039592
67024545
69973351
66443664
67554970
67592231
69694891
70213031
70214704
70214725
66213126
66443622
67024524
68213355
69692294
69694450
70211134
70217511
66442761
66444434
68213411
69694716
69695192
69695241
69707232
70212002
70212205
68913551
68913614
68913656
70494641
70659673
69694513
66442880
66444483
68213180
68213264
69026440
69692063
69692126
69692133
69694380
69694961
70212905
66443034
68213425
69027525
69175904
70212170
69694996
62836431
68913684
70212681
66442726
66443041
66443650
66444462
69026076
69027630
69127961
69535494
69694975
70212576
70212954
68199740
68213110
66442894
66443076
68913663
68913712
68913761
69694905
70213010
70222362
69133162
70211953
70214473
70214732
69388816
70198660
70211834
67195856
68913691
67332496
69026041
69694660
69027665
69388802
69400681
70212870
69692175
66442754
66442852
66443181
66443636
68995570
69026524
69027686
70214445
66444714
69027644
69099660
69388753
69694373
69694842
70211316
70211813
70212121
70212513
70213003
70214235
70214375
68913593
70211323
70214571
66767925
68913572
70934031
70620494
70658665
67333931
66032386
66442670
69692203
70212926
70077630
70759773
67059594
70723912
66442922
66442964
66443062
66444476
66900806
68913635
68913782
68997712
68997726
69694464
69694954
70214361
66832773
66443531
67719743
69694863
70212625
70218680
66442845
67354805
69635496
69694646
70212772
70253813
66443363
67304125
66443412
67334701
67744565
68268816
69692273
69958392
70211792
70212023
70213101
68202351
69975430
70214494
65780435
66236982
69026573
69694422
70750001
67262041
68531211
68784660
64644930
66443321
69695066
70203070
70211246
61104771
67334855
69026104
69695073
70211995
70208145
70213115
69692182
66444441
67481141
69862443
70212751
69004320
68189331
69694506
66442873
73372922
70211400
66443370
66681762
68413121
69692105
66545752
68663063
68452811
70050974
70212891
70819322
60950981
69393744
70212254
68533031
70218043
67779551
67795490
68365724
67334225
69394710
62790406
66443314
69026531
69026671
70214634
70074361
70718543
68191991
66500826
69694912
70008750
70532840
70050855
70078302
70212275
66379082
68269264
70636790
70212996
70213094
69692371
70211253
66443293
68913740
67346832
69041875
70641725
65949142
67183053
