1091146
1091202
1091216
1091321
1091433
1091461
1091482
1091496
1091510
1091615
1091643
118622
17976
18025
356020
4110715
4110722
4110736
4111065
4111086
4111212
4111226
412181
499436
499443
499674
499716
499730
499744
499863
499870
499933
499940
499954
499975
499982
500444
500465
500486
500493
500500
500514
500521
500535
500542
500563
500661
500675
500731
500871
500892
500906
500913
500962
500983
501536
501571
501585
501634
501753
501760
501781
501830
501865
501886
502516
502523
502530
502642
502740
502845
502894
502922
503111
503146
503160
503174
503181
503195
503321
503370
512365
517846
517860
517930
53072110
53254341
53254775
53254810
54121802
54121816
54122565
54122572
54122593
54122691
54122705
54122712
54124644
54124651
54124686
54124714
54124770
54124784
54124791
54124833
54124840
54239241
54304313
54417825
54465026
54465033
54465040
54465054
54465061
54465075
54465082
54465096
54465103
54465110
54465124
54667256
54667305
54667326
54667333
54667361
54670434
54678736
54681634
54681711
54681760
54681774
54681781
54681795
54684056
54684105
54684112
54900622
56170163
56170170
56170205
56170394
56170583
56170730
56170744
56170751
56170765
56170772
57024716
57100022
57201144
58130366
58130373
587552
587643
60009425
60032280
60032294
60032301
60032364
60037803
60073916
60073923
60123056
60165504
60170572
60176060
60191852
60191866
60191873
60191880
60191894
60191901
60191915
60191922
60191943
60191950
60193364
60193371
60193406
60193413
60193420
60193434
60193441
60193455
60238493
60238514
60351725
60355526
60380033
60409643
60453645
60508875
60546892
60546934
60546955
60671464
60697784
60697805
60697875
60708452
60708466
60735360
60744334
60755576
60808643
60906545
60917136
60972520
61000513
61003124
61003264
61013092
61013120
61013141
61013155
61013204
61013211
61013225
61013232
61013246
61013260
61013274
61013281
61013295
61013302
61013316
61014485
61014534
61014555
61014576
61015612
61015640
61015654
61015661
61015696
61015703
61015724
61015745
61015752
61015766
61015780
61015794
61015836
61015913
61015941
61015976
61016032
61016053
61016074
61016102
61016123
61016186
61016200
61016221
61016284
61016291
61016312
61016340
61016382
61016424
61016445
61016473
61016494
61016501
61016515
61016536
61016543
61016550
61016564
61016571
61016592
61016620
61016634
61016641
61016662
61016683
61016823
61016844
61016851
61016893
61016935
61016963
61016991
61017005
61017026
61023592
61084534
61090533
61114354
61167841
61203443
61204045
61216904
61222294
61229294
61229301
61229315
61229504
61229511
61229525
61229532
61229546
61229553
61229560
61229581
61229623
61235846
61235895
61235916
61235923
61235930
61255642
61255656
61255663
61257672
61257875
61257882
61257896
61257903
61257931
61257952
61258001
61258603
61259170
61259604
61259821
61259856
61259940
61259954
61260010
61260066
61260101
61260115
61260122
61260136
61260171
61260304
61264175
61264182
61264196
61264203
61264210
61264231
61264413
61264602
61266121
61266156
61266184
61266205
61266625
61268641
61268655
61292210
61292224
61292231
61292245
61292406
61292434
61292455
61292462
61292805
61293113
61293141
61293834
61293925
61294086
61339390
61339432
61351332
61365402
61365612
61365633
61365661
61365675
61384260
61385100
61387823
61389811
61390070
61406891
61430425
61440064
61440316
61440330
61440351
61440400
61459384
61505136
61505262
6151985
6152405
61565042
61566281
61566400
61598040
61626901
61626943
61626971
61629211
61629414
61629442
61629463
61629484
61629491
61629505
61629512
61629526
61629715
61629792
61629841
61629862
61629876
61629911
61629925
61629932
61629953
61682243
61682285
61682404
61686184
61691070
61750885
61751256
61751634
61773355
61781832
61781846
61781853
61819842
61819863
61819884
61819891
61819926
61841304
61869353
61933970
61949090
61964231
61988472
61988591
61998412
62022380
62022996
62023024
62023052
62024683
62024851
62028274
62028330
62033825
62033993
62047573
62088733
62126162
62126176
62142605
62147162
62148324
62184374
62184486
62184500
62184535
62207936
62208006
62208825
62208846
62226913
62235726
62257636
62273421
62273470
62273505
62273512
62273540
62273554
62273561
62273575
62273631
62273652
62325935
62325942
62339900
62340026
62340033
62340061
62358415
62386233
62413470
62413505
62414436
62415374
62418370
62418776
62418930
62442590
62443150
62443164
62443171
62448652
62497953
62548220
62549060
62555703
62583486
62614790
62623015
62658925
62672211
62702892
62702906
62702913
62706462
62706924
62707400
62708142
62708170
62708184
62708212
62709913
62709920
62709934
62709941
62722513
62724606
62724620
62724641
62741623
62751122
62771226
62790413
62790434
62798323
62798610
62803951
62809600
62829011
62829214
62840771
62841226
62858656
62886824
62888616
62888623
62957643
62958042
62965483
62990620
62995310
62997025
63048552
63091511
63091532
63091553
63091560
63091574
63091581
63091602
63091623
63091644
63093884
63104076
63132405
63151025
63204295
63205562
63207571
63207690
63207760
63207774
63207816
63207844
63207865
63207872
63207886
63207893
63207900
63208103
63208110
63208124
63208152
63208173
63208194
63229642
63233100
63242970
63248885
63248934
63248962
63250152
63285425
63290220
63290283
63290311
63290346
63290395
63290444
63290472
63290493
63290500
63290612
63290633
63292033
63304024
63305214
63305270
63317520
63317562
63317583
63317590
63317625
63317646
63317653
63317681
63317695
63317702
63317716
63317723
63339262
63352331
63352562
63352681
63352695
63352702
63353745
63364630
63365820
63372344
63378161
63423983
63424095
63424123
63425082
63425110
63425131
63425166
63431102
63452445
63464254
63469322
63478611
63488313
63499352
63499653
63504742
63535654
63535703
63535752
63535871
63543963
63547582
63547596
63547624
63558460
63570710
63570794
63575792
63578851
63587811
63587874
63595385
63602854
63602861
63616476
63640465
63674513
63705992
63706454
63721196
63726264
63732501
63732522
63738626
63738654
63762083
63762664
63768264
63771393
63807226
63820386
63820393
63820400
63820414
63834946
63834953
63834960
63834974
63834981
63839720
63839776
63840504
63858585
63858592
63863170
63872053
63884422
63885556
63885745
63913206
63924742
63926226
63926275
63926310
63926331
63945756
63945770
63945791
63945805
63945826
63955766
63955794
63957096
63961982
63966994
63967043
64039871
64045023
64052275
64052303
64052310
64052324
64052485
64052513
64052520
64052541
64052583
64052800
64052821
64052870
64052884
64052905
64052912
64052933
64052961
64053010
64053024
64053031
64053045
64053052
64053080
64053094
64053101
64053731
64053752
64053766
64053794
64053801
64053815
64053836
64081010
64115240
64157380
64168083
64173690
64173753
64173781
64173816
64181810
64181824
64184295
64187172
64187396
64190364
64199233
64212295
64213905
64213926
64213940
64213961
64213982
64214003
64214010
64214031
64214073
64214094
64214206
64214213
64214220
64214255
64214276
64214360
64214381
64214521
64214556
64214570
64214591
64214913
64214941
64215060
64215074
64215102
64215242
64215263
64215284
64215291
64215312
64215333
64215340
64215354
64215592
64215606
64215613
64215620
64215634
64215641
64215683
64215690
64215704
64215711
64215725
64215746
64215753
64215781
64215802
64215816
64215823
64215830
64217041
64217076
64217083
64217090
64217104
64217111
64217272
64217370
64217391
64217405
64217412
64217426
64217433
64217461
64217482
64218623
64229200
64233533
64233582
64237712
64240351
64241555
64246021
64248590
64254393
64254505
64254526
64254743
64254750
64254764
64254771
64257494
64257704
64259195
64275701
64276401
64277465
64277584
64280510
64281175
64295630
64323392
64335145
64335152
64335201
64335313
64335320
64335362
64335390
64335453
64335460
64335474
64340003
64346114
64349670
64369564
64389052
64389073
64423975
64451982
64472114
64491532
64508122
64554406
64555232
64562330
64635473
64814442
64853873
64863351
64863365
64863372
64866095
64878870
64881642
64883525
64897861
64900381
64900465
64900486
64909775
64910853
64917902
64918273
64918665
64918686
64942941
64943053
64943074
64943081
64946126
64946931
64950284
64950305
64950501
64955674
64955723
64955730
64955744
64955751
64955765
64955793
64955821
64955961
64955975
64955982
64955996
64956003
64956010
64956024
64956031
64956045
64956066
64956073
64956080
64956101
64956143
64956164
64956675
64956682
64956696
64956710
64956752
64956780
64956801
64958824
64958873
64958971
64960126
64976744
64980146
64980153
64980174
64980181
64980216
64980230
64980244
64980944
64980951
64981014
64981070
64981091
64981105
64981196
64981210
64981245
64996316
64996386
64997674
64997695
65000880
65001111
65001174
65007523
65016280
65016910
65016924
65017085
65017162
65021775
65024211
65039562
65040556
65052421
65052463
65053030
65068542
65068731
65094673
65094680
65094694
65105460
65113153
65113160
65144436
65146634
65168054
65193191
65197930
65197944
65197972
65198133
65198154
65198161
65198245
65198294
65198301
65202431
65237550
65237606
65237613
65237620
65237634
65237641
65237753
65237760
65242233
65242331
65242772
65243661
65255820
65272165
65273054
65276680
65276694
65276715
65276722
65276736
65276743
65276750
65276764
65276771
65276785
65276806
65276813
65276820
65276834
65276841
65276862
65276876
65276890
65276911
65276925
65280572
65286872
65286921
65288986
65289000
65289084
65293550
65295594
65325036
65325183
65325421
65325435
65325442
65325484
65325512
65325554
65325561
65325582
65325610
65325652
65325694
65325876
65325890
65325911
65325925
65327115
65327171
65327675
65327696
65328081
65328102
65328130
65330391
65330503
65356585
65356690
65357243
65360484
65365545
65365776
65366154
65366532
65366686
65395981
65396100
65396191
65407916
65408056
65408063
65408070
65419053
65421755
65447914
65447970
65448236
65470461
65504334
65504656
65509983
65514036
65514064
65516941
65516962
65517116
65517865
65523563
65529352
65529366
65534532
65534763
65534812
65534833
65539943
65547125
65547342
65553432
65553446
65553684
65553733
65557835
65560292
65561041
65561062
65561076
65565115
65603454
65608102
65608151
65609152
65609180
65609362
65609383
65609411
65609474
65609656
65609670
65609705
65609712
65609810
65609831
65609852
65609873
65609915
65609971
65610013
65610076
65610545
65610573
65610643
65610671
65610762
65610790
65610804
65613492
65613520
65615774
65615781
65615802
65615830
65616390
65616866
65617132
65637880
65637894
65637901
65637915
65667140
65675211
65676814
65684094
65684115
65684136
65684164
65690240
65707782
65707796
65707803
65707810
65708405
65708454
65708496
65712661
65712780
65712794
65712843
65713102
65713396
65713410
65713424
65713445
65713515
65713606
65713655
65724764
65728866
65729804
65736440
65736482
65739121
65740066
65745113
65749033
65749040
65751952
65751973
65751980
65751994
65752022
65756054
65756180
65756264
65756292
65756544
65770502
65770551
65770754
65770761
65770775
65770782
65770796
65770803
65770992
65771111
65771125
65772644
65775346
65789584
65793882
65807686
65807903
65808001
65808106
65808190
65808953
65809646
65809681
65809695
65809702
65809744
65809751
65809800
65809814
65809870
65809891
65809982
65810010
65810073
65810164
65810185
65810206
65810493
65811641
65811683
65812194
65814441
65814672
65814763
65814966
65815316
65815512
65816233
65816961
65817276
65817591
65818256
65818263
65818270
65818291
65818445
65818466
65818536
65818571
65818585
65818592
65818606
65822022
65822071
65822162
65822211
65822316
65822484
65822512
65822554
65822561
65822575
65822652
65831003
65835651
65835742
65837583
65838521
65838570
65839795
65839816
65839865
65839893
65839914
65839935
65846781
65854663
65863063
65863266
65865352
65874802
65879030
65881795
65882852
65882894
65883335
65883370
65883412
65883545
65883594
65884560
65884672
65884735
65884770
65886534
65892050
65894591
65894605
65894612
65895683
65895690
65895704
65897573
65897881
65899771
65899876
65899883
65899911
65901150
65901311
65901325
65901346
65904923
65904951
65904993
65905000
65905112
65905126
65906512
65907114
65907121
65913176
65913953
65914016
65917285
65917544
65918993
65919035
65919105
65924250
65933196
65935975
65936024
65940861
65941792
65945824
65945831
65958942
65959572
65969876
65973796
65974790
65993032
65993046
65993123
65994635
65997960
66005226
66019555
66028711
66028746
66028781
66028816
66028893
66028935
66029656
66030853
66030860
66030881
66030895
66030902
66030916
66030923
66033604
66039421
66039435
66039456
66039470
66040611
66046862
66047863
66047884
66048556
66049494
66049536
66051251
66051265
66052273
66062451
66062465
66065923
66066273
66067484
66069794
66069815
66069836
66069843
66069850
66069871
66097976
66097983
66101735
66113131
66152191
66154592
66156895
66156916
66158764
66158785
66158883
66158904
66158911
66158925
66158932
66158946
66161025
66163342
66167234
66172162
66178546
66179575
66188185
66188192
66188283
66191860
66191895
66191916
66191930
66191951
66191972
66192014
66192042
66192070
66192084
66192112
66192126
66192133
66192140
66192154
66192175
66192182
66192196
66193946
66196753
66196760
66199553
66202220
66202416
66210095
66210102
66210396
66210431
66226734
66226741
66226755
66226762
66226790
66232740
66238256
66238263
66238270
66238291
66238592
66238711
66238746
66238760
66239572
66239600
66239803
66239824
66239950
66239985
66240034
66240090
66240153
66240391
66240755
66252564
66263883
66265094
66265220
66265255
66265276
66265290
66265304
66265325
66266403
66266431
66266452
66266690
66266760
66267005
66267061
66267306
66267341
66267621
66268132
66268160
66269070
66269091
66278275
66283112
66283574
66283644
66283896
66283980
66287130
66287165
66287235
66287606
66287620
66287676
66287683
66309173
66312393
66312400
66313072
66314304
66317286
66338062
66338216
66338902
66339231
66339700
66339714
66339721
66339735
66339742
66339756
66339763
66339770
66339784
66339791
66339805
66339812
66339826
66339833
66339840
66339854
66339882
66339910
66339952
66340071
66340176
663516
66352286
66352356
66352643
66353315
66353546
66353560
66353581
66353602
66353630
66353665
66354092
66354113
66354134
66354400
66354680
66354715
66354946
66355611
66355632
66355646
66356024
66356633
66356640
66356654
66356682
66356724
66359146
66364452
66364480
66364585
66364592
66364823
66364851
66364893
66364935
66364970
66364984
66374406
66374546
66374574
66375113
66382491
66389722
66394356
66395945
66404506
66404520
66411345
66411352
66411415
66411422
66411506
66413690
66413711
66413823
66413872
66413893
66413914
66413935
66413970
66413991
66414103
66414124
66414145
66414180
66414194
66414201
66414215
66414222
66414243
66414292
66414334
66414362
66414376
66414383
66414404
66414411
66414446
66414453
66414460
66414474
66414481
66414495
66414523
66414544
66414551
66414565
66414572
66414586
66414600
66414614
66414635
66414642
66414656
66414663
66414670
66414684
66414705
66414712
66414726
66414754
66414761
66414775
66414782
66414796
66414803
66414824
66414873
66414880
66414901
66414922
66414950
66414964
66414971
66414985
66416812
66419892
66419913
66420662
66420676
66420690
66420704
66420753
66420893
66420914
66420921
66420942
66420984
66424862
66424883
66424890
66424904
66425884
66427165
66427333
66427354
66427382
66442215
66442243
66442250
66442264
66442271
66442285
66442292
66443755
66443762
66443776
66445022
66445036
66445043
66445092
66445106
66445141
66445155
66445162
66445176
66445183
66445211
66445232
66445246
66445274
66445281
66445323
66445351
66445365
66445372
66445386
66445393
66445400
66445414
66445421
66445435
66445442
66445456
66445463
66445470
66445484
66445491
66445505
66445512
66445526
66445533
66445554
66445561
66445575
66445582
66445596
66445603
66445610
66445631
66445645
66445652
66445666
66445680
66445694
66445715
66445722
66445736
66445743
66445750
66445785
66449215
66449222
66449236
66449243
66449250
66449271
66450006
66450300
66450482
66450496
66450503
66450524
66450692
66450720
66450741
66455144
66458532
66458861
66458875
66458882
66459141
66459162
66459183
66459211
66459323
66459386
66459491
66459505
66459540
66461241
66462361
66465490
66465511
66465532
66467464
66469543
66469963
66469970
66469984
66470026
66470054
66470082
66470096
66470110
66470145
66470166
66470600
66472084
66477901
66477915
66477992
66478006
66478013
66478020
66478034
66478041
66478055
66478062
66478076
66509975
66522876
66529813
66545682
66545962
66560081
66560620
66570903
66575852
66577931
66580486
66587416
66590993
66595571
66595585
66595613
66595655
66595676
66595704
66595746
66595781
66595823
66596222
66596236
66596551
66596705
66596726
66596803
66596810
66596831
66596915
66596964
66596992
66597020
66597034
66597055
66597083
66597174
66597272
66597286
66597342
66597356
66597454
66621835
66621870
66621891
66621926
66621954
66621982
66625524
66629094
66629115
66632671
66636374
66641631
66643892
66644613
66644676
66644683
66648372
66651326
66651676
66651683
66651690
66654714
66657731
66658816
66664864
66681272
66685031
66688720
66689483
66689854
66689882
66690610
66693690
66693732
66695461
66695475
66695482
66695503
66695524
66695566
66695594
66696315
66704190
66704330
66704351
66704365
66736600
66738616
66741640
66741675
66747100
66747114
66747380
66747394
66747576
66747583
66747632
66747772
66747786
66748052
66748465
66748780
66750306
66752602
66752616
66752623
66752644
66752665
66753526
66754226
66755563
66762290
66767925
66776423
66776451
66776472
66776514
66776584
66780812
66780826
66793006
66800202
66800573
66800601
66800622
66800804
66800860
66800874
66800881
66800902
66800916
66800923
66800951
66800965
66800993
66801000
66801014
66801161
66801756
66801812
66804220
66804234
66809113
66810576
66815875
66815903
66815924
66815931
66817233
66818535
66823155
66823190
66823211
66823225
66823295
66823316
66823386
66823400
66823526
66823540
66823554
66824905
66824912
66824996
66827376
66827726
66827915
66830113
66831926
66832031
66832094
66832171
66838261
66838345
66838352
66838506
66842342
66844540
66844554
66844610
66845212
66848754
66849496
66849510
66849524
66849545
66851246
66856272
66856594
66857546
66857966
66857973
66859856
66859905
66859912
66859926
66872106
66872561
66875284
66875690
66876103
66886043
66886274
66886316
66886351
66886372
66886393
66886414
66886484
66886512
66886540
66886631
66886701
66887233
66887324
66887331
66887352
66891090
66892875
66892882
66897642
66899574
66900876
66904712
66906175
66909220
66909234
66909241
669095
66909780
66909836
66909843
66909850
66909871
66909892
66909913
66910900
66910914
66910921
66910935
66912426
66914295
66916493
66920644
66920651
66920672
66923115
66923122
66923143
66928036
66930521
66930584
66930591
66934560
66934630
66934644
66934665
66935463
66962042
66962105
66962154
66962203
66966081
66966095
66966144
66966151
66973186
66991946
66996041
66996076
66996083
66996153
66999492
67001795
67001802
67002110
67002124
67006800
67017846
67017860
67017874
67017881
67017895
67017902
67017916
67017930
67017944
67017951
67017965
67017972
67017986
67017993
67018000
67018490
67018504
67018511
67018525
67018546
67018553
67018560
67018574
67018791
67018812
67021185
67021192
67021766
67021780
67021794
67021801
67021815
67024825
67024860
67029564
67036270
67037264
67038734
67041604
67041646
67042752
67044131
67044152
67044173
67044180
67044194
67044236
67044250
67054820
67059342
67059370
67059412
67059433
67059720
67059741
67059811
67060644
67060826
67061701
67064473
67064480
67071851
67071886
67076156
67078613
67078655
67078662
67078676
67079880
67080055
67083331
67091374
67098871
67103995
67112584
67122650
67130056
67130182
67130385
67134046
67134522
67143776
67143832
67146261
67146765
67148095
67150083
67151693
67151700
67151714
67151721
67151763
67151784
67151924
67151931
67151945
67152022
67152064
67152400
67153030
67153044
67155235
67156670
67158350
67160121
67161290
67161304
67162354
67166680
67168521
67168752
67168892
67169340
67169466
67169473
67169543
67171986
67172091
67175066
67176480
67176494
67176522
67179091
67179763
67179791
67181933
67182003
67182045
67183984
67185902
67187925
67188982
67189941
67189955
67190095
67190151
67190186
67198880
67198922
67198971
67198985
67200721
67200763
67200791
67204725
67207574
67207651
67207861
67207882
67207903
67208176
67208295
67208316
67208344
67209821
67212446
67212453
67213244
67213902
67213951
67213993
67215743
67216891
67216905
67216912
67217976
67218032
67220461
67220531
67221413
67224612
67224724
67224843
67224885
67224906
67229624
67229673
67229680
67229694
67229701
67229715
67229722
67229736
67229743
67229764
67229771
67229785
67229792
67229813
67229820
67229841
67229855
67229862
67229876
67229883
67229890
67229904
67229911
67229925
67229932
67229946
67229953
67229974
67229981
67229995
67230002
67230016
67230023
67233404
67237786
67241965
67246193
67246431
67246620
67246634
67246795
67246830
67247292
67247306
67247334
67247341
67247411
67247432
67247495
67251436
67251492
67251541
67251604
67251744
67257680
67259073
67259080
67259094
67259115
67259122
67259143
67259164
67259171
67259185
67259276
67259283
67259290
67259360
67259374
67260172
67266402
67270833
67270931
67271211
67271295
67271372
67272793
67274613
67274620
67274662
67276335
67276832
67276895
67276923
67276930
67277560
67277574
67277595
67277630
67280766
67280815
67280892
67280906
67280976
67280990
67281004
67281165
67281193
67282985
67282992
67283006
67283083
67283090
67283104
67284294
67285043
67291266
67291273
67291280
67291343
67291350
67291364
67291371
67291420
67291434
67291910
67293205
67299106
67299442
67299491
67299505
67301584
67301591
67301605
67301612
67301696
67301864
67304020
67305672
67311622
67311650
67311664
67311832
67311846
67316032
67316046
67316060
67316214
67316235
67316256
67316270
67316284
67316291
67316305
67316312
67323193
67325671
67328940
67330816
67330886
67330942
67336171
67336185
67336192
67336206
67336213
67336220
67336234
67336255
67336262
67336276
67336283
67336290
67336304
67336612
67336633
67336640
67342093
67346244
67346251
67346300
67346356
67346384
67347420
67347441
67352866
67352915
67353223
67357892
67364850
67364871
67366005
67366033
67371500
67371514
67371521
67371535
67373782
67373803
67375966
67380320
67382553
67384443
67384464
67391282
67400305
67400424
67401523
67411946
67411953
67422292
67425610
67426751
67438252
67438406
67438665
67438791
67438812
67438840
67443040
67443404
67446141
67446155
67455381
67455962
67455983
67456011
67456032
67456060
67456081
67457803
67457831
67458111
67458692
67459651
67470655
67470676
67471964
67472055
67476283
67478992
67481456
67487553
67490416
67490941
67491011
67491046
67491151
67491263
67491445
67492523
67502806
67506495
67506544
67506565
67511311
67511325
67511332
67512921
67515805
67519424
67519445
67519452
67519466
67522196
67522252
67522721
67528356
67528454
67531443
67532661
67533606
67533613
67535706
67538583
67538590
67542160
67542741
67543042
67543350
67543742
67546521
67546780
67553535
67553542
67553556
67553563
67553570
67553584
67553591
67553626
67556335
67558764
67560234
67561872
67562565
67562901
67565190
67565211
67565225
67565232
67565246
67565253
67565260
67565274
67565281
67565330
67565344
67565351
67565372
67565386
67565393
67565400
67567136
67583775
67583810
67587142
67587156
67589795
67595171
67602024
67602101
67602654
67602661
67610662
67610676
67610690
67610704
67610711
67610746
67610760
67610781
67618684
67619370
67619622
67619636
67619643
67619664
67619685
67619692
67619706
67619713
67621232
67621246
67621260
67625866
67626832
67627693
67628260
67628750
67630423
67630864
67631501
67634525
67637766
67637822
67640454
67640510
67640853
67640860
67640902
67640916
67640923
67640930
67640944
67640965
67643380
67645256
67645312
67645340
67645403
67645466
67646831
67647216
67648196
67648714
67648721
67649232
67652025
67652193
67652522
67652536
67652746
67652781
67652795
67652802
67652816
67652865
67652872
67652886
67652893
67653012
67653516
67653523
67653530
67654643
67654846
67654853
67657646
67657695
67657702
67657723
67657730
67657751
67657772
67657786
67657793
67657800
67657814
67657842
67657856
67657891
67657905
67657912
67661496
67661594
67662434
67662476
67663400
67664296
67664422
67664632
67665542
67665556
67665570
67665584
67665591
67665605
67665773
67665780
67665794
67665801
67665815
67665822
67665843
67666032
67666046
67666053
67666060
67666074
67666095
67666102
67666116
67666123
67666144
67666172
67666186
67666200
67666235
67666242
67666256
67666263
67666284
67666312
67668706
67668790
67668902
67668916
67668986
67668993
67669000
67669014
67669070
67669175
67671996
67672024
67672472
67672486
67672500
67672514
67672521
67672563
67672773
67672780
67672794
67672801
67673634
67673641
67673655
67674565
67676833
67676966
67676980
67676994
67678786
67679206
67679591
67679864
67680361
67680375
67680410
67681453
67681460
67681474
67681481
67681775
67681824
67681880
67681901
67682111
67682510
67682636
67682643
67682650
67682755
67683882
67683896
67685023
67685324
67685786
67685856
67685940
67690546
67690553
67690574
67690581
67690595
67690602
67690623
67690644
67692261
67693612
67693654
67693682
67693766
67694795
67695964
67695992
67696020
67696041
67696062
67696076
67696090
67696104
67696111
67696125
67696132
67696146
67696153
67696174
67696181
67696195
67696202
67696230
67696251
67696265
67696286
67696293
67696300
67696314
67696335
67696342
67696356
67696363
67696370
67696384
67696391
67696412
67696426
67696433
67696440
67696461
67696475
67696503
67696510
67696524
67696531
67696545
67696552
67696580
67696594
67696601
67696636
67696685
67696706
67696713
67696755
67696762
67696832
67696902
67696916
67696986
67697000
67697035
67697056
67698253
67698323
67699443
67699513
67699520
67699534
67700703
67702026
67703111
67703132
67703146
67706590
67706604
67706611
67706625
67706632
67706646
67707346
67709411
67710566
67715221
67716684
67716705
67716852
67716866
67716901
67716915
67716922
67716971
67716985
67717013
67717195
67717734
67718042
67719463
67719680
67721311
67721325
67722025
67722032
67722046
67722053
67726302
67727450
67727464
67727674
67727695
67728920
67733505
67733512
67733862
67733904
67734030
67734121
67734163
67734170
67734184
67734716
67736445
67736452
67737215
67737222
67737236
67742836
67742843
67742850
67742864
67742871
67742885
67742892
67742906
67742920
67742934
67742941
67742955
67742962
67742976
67742983
67742990
67743004
67743011
67743025
67743032
67743046
67743053
67743165
67743172
67743200
67743242
67743256
67743263
67747092
67747736
67754141
67755205
67755212
67755226
67757473
67760630
67760644
67760665
67761505
67762401
67762415
67762422
67763822
67764340
67766482
67766531
67766545
67769681
67771312
67771326
67771963
67776723
67779481
67783674
67784332
67784633
67787160
67787692
67790590
67790604
67790611
67790625
67790632
67790646
67791416
67792123
67793390
67794475
67794524
67794531
67794545
67794552
67794741
67794755
67794762
67794776
67794790
67795042
67796246
67801643
67802840
67803036
67803043
67803050
67803162
67803176
67803792
67804702
67805801
67808153
67809833
67811506
67811513
67814096
67815230
67815272
67815286
67815293
67815622
67816903
67817134
67818135
67818163
67818296
67818303
67818310
67818324
67818331
67818345
67818352
67818982
67818996
67819871
67828516
67832366
67834116
67834123
67834130
67836034
67836041
67836580
67836594
67838351
67839723
67840185
67840241
67841312
67841956
67841984
67841991
67842005
67842026
67844035
67844070
67844441
67861773
67861850
67862515
67866442
67866456
67868500
67872546
67884103
67891964
67892013
67892041
67892083
67892111
67892146
67892153
67892195
67892202
67892216
67892223
67892244
67892580
67892622
67901414
67901421
67903171
67903374
67906923
67906944
67906972
67906993
67907245
67907441
67914623
67914665
67915001
67915925
67920342
67920741
67920916
67922071
67922190
67925914
67927580
67962916
67962951
67963000
67963021
67973913
67974725
67974823
67981676
67982432
67985463
67986282
67988662
67988963
67993506
67994276
67995466
67995585
67995683
67997132
67997461
67997510
67997552
67997566
67997573
67997580
67997601
67997636
67998420
67999113
67999120
67999134
67999141
67999561
68001283
68002760
68004272
68007632
68009620
68013365
68013883
68018412
68018426
68019833
68021436
68022423
68030305
68032643
68033245
68033980
68038614
68039671
68041470
68044256
68044291
68044333
68044354
68044361
68044375
68044396
68044403
68044466
68044473
68044494
68044501
68044774
68053202
68058382
68058396
68058403
68058501
68059110
68059936
68059985
68061511
68061560
68107214
68107235
68107501
68107515
68107543
68108964
68111624
68112506
68113150
68114354
68114424
68117000
68117784
68118722
68118785
68118834
68119093
68119261
68121760
68124140
68124231
68127304
68127311
68127325
68127332
68127500
68127535
68127563
68127640
68127654
68127661
68127675
68127696
68127724
68127745
68127766
68127794
68127801
68127815
68127843
68127864
68127871
68127892
68127906
68127955
68127962
68127976
68127983
68127990
68128746
68128753
68128760
68128774
68129614
68129670
68129726
68129733
68129775
68129796
68129803
68129810
68129845
68129852
68129901
68129915
68129922
68129936
68130174
68130265
68130993
68131014
68131854
68131875
68134983
68135515
68135522
68135536
68135543
68135676
68136544
68140366
68140373
68140443
68140506
68141024
68141045
68141066
68141220
68141535
68142781
68142816
68144272
68144475
68144496
68144594
68144601
68144895
68144923
68144951
68146750
68146764
68147030
68147772
68148486
68148493
68148500
68148724
68148745
68148752
68148815
68148836
68148843
68148850
68149606
68149795
68150152
68150166
68150362
68150383
68150432
68150460
68151272
68153470
68153533
68153554
68153561
68153792
68153820
68154765
68154800
68155731
68157810
68158342
68158370
68158615
68158706
68159021
68159140
68159154
68160365
68160386
68161975
68162472
68162563
68162584
68162766
68163592
68163606
68163613
68163774
68163963
68163984
68163991
68164026
68164474
68165006
68165013
68165111
68165440
68165601
68166644
68166651
68168023
68168226
68168275
68168303
68168310
68168331
68168345
68168373
68168380
68168394
68168401
68168415
68168422
68168436
68168611
68168891
68168905
68168912
68168954
68168961
68168982
68168996
68169003
68169010
68169031
68169045
68169052
68169066
68169073
68169080
68169094
68169101
68169115
68169122
68169136
68169143
68169150
68169206
68169514
68169542
68169913
68170172
68170186
68170193
68170200
68170214
68170235
68170242
68170256
68170340
68170361
68170375
68170382
68170396
68170403
68170410
68170431
68170494
68170606
68170802
68170816
68170851
68170865
68171180
68171201
68171243
68171264
68171271
68171292
68171320
68171985
68172153
68172251
68172265
68173196
68173693
68173854
68173875
68174141
68175961
68176010
68176024
68176941
68178166
68178173
68178194
68178481
68178656
68179013
68180784
68183570
68183591
68185593
68186146
68187483
68188820
68188834
68188841
68188855
68188862
68188876
68188883
68188890
68188904
68189142
68190024
68193776
68194154
68196191
68196205
68196401
68196422
68196436
68196541
68199572
68199586
68200160
68203065
68210982
68211003
68211073
68211094
68211101
68211136
68211143
68211150
68211325
68212536
68214104
68215294
68215301
68215343
68215350
68215371
68215392
68215406
68215420
68215441
68215455
68215462
68215490
68215504
68215525
68215532
68215553
68215560
68215581
68215595
68215602
68215616
68215644
68215651
68215672
68215686
68215700
68215714
68215735
68215742
68215763
68215770
68215784
68215791
68215812
68215826
68215840
68215854
68215875
68215882
68215903
68215910
68215931
68215945
68215966
68215973
68216022
68216043
68216274
68216302
68216316
68216344
68216351
68216386
68216393
68216421
68216442
68216470
68216484
68216526
68216554
68216561
68216596
68216603
68216631
68216645
68216680
68216694
68216911
68216925
68216932
68216946
68216953
68216960
68216974
68216995
68217002
68217016
68217023
68217030
68217044
68217100
68217961
68218115
68218143
68218192
68218290
68218871
68219151
68219186
68219221
68219795
68219816
68219823
68219830
68219844
68219865
68219921
68219942
68219956
68219970
68219984
68220005
68220012
68220033
68220040
68220054
68220061
68220110
68220145
68220341
68220355
68220362
68220390
68220404
68220425
68220446
68220453
68220474
68220943
68220971
68220985
68221013
68221062
68221076
68221111
68221125
68221146
68221174
68221195
68221202
68221223
68221244
68221251
68221293
68221300
68221321
68221335
68221363
68221384
68221405
68221426
68221433
68221440
68221461
68221475
68221496
68221503
68221524
68221531
68221552
68221566
68221580
68221594
68221615
68221622
68221643
68221650
68221685
68221734
68221741
68221755
68221776
68221804
68221811
68221832
68221853
68221860
68221874
68221881
68221916
68222455
68222476
68222483
68222490
68222504
68222511
68222553
68222560
68222574
68222581
68222595
68222602
68222616
68222623
68222644
68222651
68222665
68222672
68222686
68222763
68224744
68224765
68224975
68225626
68225773
68225843
68229112
68229126
68229133
68229140
68229154
68229280
68229434
68229504
68231660
68231674
68231681
68231695
68231702
68231716
68231723
68231730
68231744
68231751
68231765
68231772
68231793
68231800
68231814
68231821
68231835
68231842
68231856
68231863
68231870
68231884
68231891
68231905
68231912
68231926
68231933
68231954
68231961
68231975
68231982
68231996
68232003
68232010
68232024
68232031
68232045
68232052
68232066
68232073
68232080
68232094
68232115
68232136
68232822
68232836
68232843
68232850
68232906
68232920
68232983
68233053
68233060
68233074
68233081
68233095
68233130
68233144
68233193
68233214
68233221
68233235
68233242
68233256
68233263
68233270
68236140
68236770
68236784
68236812
68236826
68236854
68236861
68237855
68237862
68237925
68237932
68237946
68238002
68238681
68238765
68238905
68238975
68238982
68239353
68239724
68240634
68240795
68241054
68243161
68243623
68248754
68248901
68248964
68248971
68248985
68249006
68249041
68249083
68249300
68249314
68249335
68249384
68249391
68249405
68249426
68249440
68249461
68249482
68249496
68249503
68249552
68249566
68249580
68250084
68250364
68250441
68250504
68250595
68250784
68250812
68250826
68250903
68250910
68250924
68251603
68251771
68251883
68252142
68252324
68252534
68254585
68254592
68255376
68257784
68259254
68259632
68266982
68269915
68271441
68271840
68271854
68272694
68274731
68280331
68280373
68281206
68281990
68283663
68284125
68284573
68284615
68284650
68285462
68285735
68287226
68289060
68289221
68289543
68289571
68289585
68289613
68289746
68289753
68290334
68291930
68293484
68293610
68294464
68295402
68297306
68297313
68297320
68297684
68306070
68306084
68306133
68306140
68316710
68318544
68318565
68318586
68318614
68322086
68322121
68327854
68333832
68339551
68339761
68339775
68339810
68339852
68339971
68340090
68340153
68340272
68340335
68340370
68340482
68340685
68340944
68340965
68340972
68340986
68340993
68341070
68341595
68341602
68341630
68341665
68341693
68341714
68342484
68342911
68344766
68346390
68346803
68348483
68348560
68348574
68348973
68349113
68349141
68349162
68350884
68350912
68352571
68352585
68353103
68353411
68356316
68357835
68357863
68357884
68357891
68357926
68357933
68357954
68357961
68357975
68358024
68358115
68358591
68361013
68361041
68362154
68362161
68362315
68362511
68364065
68364702
68364730
68365752
68366816
68371793
68371835
68371940
68373641
68373662
68373746
68373760
68373844
68373865
68373942
68380046
68380585
68380613
68380655
68381236
68381250
68381264
68381271
68381285
68381292
68381306
68381320
68381425
68381432
68381446
68381950
68382216
68382811
68382902
68394795
68395215
68396020
68396153
68396174
68396370
68396433
68397931
68398652
68398666
68399240
68399296
68400143
68404581
68404602
68404616
68404623
68405610
68405652
68407395
68407402
68407416
68407423
68407444
68407451
68407465
68407472
68407612
68407626
68407633
68407654
68407794
68416845
68416915
68416943
68416950
68416964
68416971
68416985
68416992
68417006
68417013
68421234
68421276
68421283
68421290
68421304
68429760
68434184
68434205
68434352
68434373
68434394
68434450
68434905
68434926
68435045
68435052
68436011
68436053
68436060
68437873
68437880
68437901
68437915
68440071
68441702
68441716
68441835
68441996
68442003
68442010
68449563
68450102
68453945
68459181
68459202
68463416
68463430
68464242
68464354
68464774
68464865
68466783
68466825
68467735
68467742
68470024
68470031
68470143
68470150
68470416
68470430
68470472
68470612
68470682
68470710
68471935
68472103
68473874
68474805
68474875
68475834
68475841
68475855
68475862
68475876
68477675
68478011
68478095
68479005
68481826
68487510
68509161
68512612
68512934
68512976
68514530
68514544
68515356
68515405
68515412
68515426
68515461
68515475
68515482
68515510
68515531
68515594
68515601
68515636
68515643
68516385
68516686
68516945
68518310
68518422
68520102
68520116
68520144
68520711
68520760
68521334
68521446
68523231
68523252
68525142
68526444
68526591
68526633
68526675
68546142
68546576
68546842
68546863
68549873
68549880
68549894
68549901
68549971
68549992
68550006
68550013
68550020
68550034
68550041
68550055
68550062
68550111
68550174
68550195
68550265
68550272
68550286
68550293
68550300
68550314
68550321
68550405
68550412
68550426
68550433
68550440
68550454
68550461
68550475
68550482
68550503
68550531
68550545
68550552
68550636
68550692
68550706
68550713
68550720
68550734
68550755
68550776
68550853
68550860
68550874
68550881
68550895
68550902
68550916
68550923
68550986
68551875
68554640
68554661
68554696
68554703
68555172
68555543
68555564
68557006
68557202
68557216
68557223
68557265
68557615
68557664
68558322
68558413
68558476
68559981
68559995
68560191
68560282
68560674
68560975
68561031
68561045
68561080
68561101
68561136
68561185
68561500
68563152
68563404
68563670
68564062
68566561
68569102
68569760
68569935
68569984
68571601
68571713
68571790
68571853
68571881
68571923
68572056
68572063
68572084
68572112
68572210
68572224
68572252
68572273
68573624
68573652
68573666
68576851
68576886
68576935
68576970
68578503
68578762
68579245
68579434
68586756
68588576
68590886
68590942
68592034
68593091
68593413
68593441
68594302
68594792
68595814
68596010
68596213
68596234
68596262
68598243
68600511
68600854
68601246
68601260
68601274
68601505
68601512
68601743
68601750
68601764
68601771
68601785
68601834
68603871
68603892
68603913
68603976
68603990
68604074
68605474
68606251
68606601
68606853
68607441
68609331
68609583
68609653
68609814
68609905
68609940
68610115
68612215
68612222
68613335
68613356
68613636
68614441
68614455
68615113
68615120
68615134
68615141
68615155
68615162
68615225
68615253
68615260
68615274
68615281
68615295
68615302
68615785
68615792
68615925
68616002
68616016
68616296
68616345
68617080
68617661
68617682
68617703
68617724
68617745
68617773
68617815
68617864
68617913
68617920
68618032
68619292
68619355
68619376
68619383
68619390
68619404
68619411
68619425
68619824
68619852
68619922
68619950
68620230
68620251
68620286
68620293
68620321
68620335
68621392
68621616
68621630
68621644
68621651
68621665
68621770
68622715
68622736
68622764
68622792
68622855
68622862
68623002
68623366
68623562
68623744
68623751
68623765
68623772
68623793
68623814
68623821
68623835
68623842
68623863
68623884
68623891
68623905
68623926
68623975
68623996
68624374
68624451
68625004
68625984
68626292
68627020
68627034
68627874
68628476
68628490
68628504
68628511
68628840
68628882
68629106
68629113
68629120
68629155
68629960
68632354
68632361
68632375
68632382
68632403
68632431
68632445
68632795
68632956
68632963
68632970
68632984
68632991
68633005
68633831
68633915
68634153
68638332
68638535
68638983
68639032
68639046
68639053
68639151
68639221
68640460
68640481
68640516
68640530
68640775
68641321
68643561
68643575
68643582
68643596
68645983
68645990
68646445
68647656
68647663
68647670
68647684
68647691
68648475
68649280
68649301
68649616
68655545
68656301
68656336
68656343
68658394
68659591
68664386
68665730
68666472
68666486
68666493
68666500
68666514
68666521
68666535
68666542
68666556
68666563
68666570
68666584
68666591
68666605
68666612
68666626
68666633
68666640
68666654
68666661
68666675
68666682
68666696
68666724
68666815
68666864
68666885
68666892
68666906
68666941
68666955
68666962
68667011
68667025
68667060
68667081
68667095
68667102
68668110
68668271
68668320
68668495
68669132
68669146
68669153
68669160
68669174
68669181
68669195
68669202
68669216
68669223
68669230
68671904
68671911
68672100
68672170
68672254
68672282
68672520
68672674
68672905
68672982
68673451
68673486
68673710
68673892
68674970
68675166
68675180
68675215
68675222
68675236
68675243
68675271
68675684
68675691
68675740
68675754
68675782
68675796
68676475
68677385
68677392
68677413
68677511
68677525
68677532
68677546
68677553
68679373
68680311
68681711
68681753
68681760
68686170
68686184
68686191
68686212
68686226
68686233
68686240
68686254
68686261
68686282
68686296
68686303
68686352
68686366
68686373
68686394
68686464
68686485
68686520
68686534
68686590
68686611
68686632
68686646
68686681
68686695
68686751
68686842
68686856
68686884
68686940
68686961
68686982
68686996
68687003
68687024
68687052
68687066
68687094
68687115
68687220
68687255
68687262
68687304
68687332
68687381
68687402
68687416
68687423
68687444
68687465
68687472
68687521
68687535
68688704
68689313
68710131
68710145
68710152
68713876
68715983
68715990
68716025
68716823
68717600
68717614
68717621
68717635
68717642
68717656
68717663
68717670
68717684
68717691
68717705
68718811
68718825
68718832
68724551
68724565
68724572
68724586
68724593
68724600
68724614
68724621
68724635
68724642
68724656
68724663
68724670
68724684
68724691
68724705
68724712
68724726
68724733
68724740
68726161
68732965
68733581
68734610
68734666
68734673
68734680
68735380
68735471
68735506
68735555
68738341
68738530
68738803
68738852
68738866
68738880
68741120
68741253
68741820
68741862
68741883
68741904
68741925
68741953
68741995
68742002
68742023
68742030
68742044
68742282
68742331
68742345
68742352
68742401
68742415
68742422
68742450
68743780
68743794
68743822
68744123
68745880
68745950
68749835
68749842
68749884
68749905
68749926
68749940
68750696
68750850
68750871
68750906
68750913
68750920
68751340
68751641
68751662
68751942
68754105
68754112
68754140
68754294
68754553
68755190
68755645
68755890
68755911
68755932
68755946
68756275
68756331
68757094
68757101
68757136
68757626
68760510
68760713
68762204
68762414
68763324
68766950
68766985
68770023
68770065
68770086
68771640
68772753
68774412
68774433
68774503
68774531
68776442
68776456
68776463
68776470
68776484
68776491
68776505
68776512
68776533
68776540
68776554
68776561
68776575
68776582
68776596
68776610
68776624
68776631
68776645
68776652
68776666
68776673
68777310
68777562
68777604
68777625
68777646
68777660
68777730
68777765
68777835
68777856
68777884
68777905
68777912
68777954
68778115
68778122
68778150
68778192
68778255
68778262
68778360
68778381
68778402
68778500
68778514
68778535
68778745
68778752
68778822
68778850
68778871
68778885
68778913
68779032
68782406
68782420
68782434
68783302
68783330
68783400
68783414
68783421
68783442
68783463
68783470
68783484
68783582
68788755
68789686
68789700
68789714
68789735
68789742
68789756
68789763
68789770
68789784
68789791
68789805
68789812
68796490
68797435
68798310
68802230
68802293
68802503
68803294
68803371
68804736
68804946
68805184
68805380
68809916
68812674
68812723
68812730
68884382
68885341
68904360
68904591
68904605
68904612
68904654
68904661
68904675
68905494
68907405
68908413
68908602
68942881
68942895
68942902
68942916
68942923
68943112
68943126
68943203
68943770
68944911
68946955
68947116
68947235
68950413
68950602
68952093
68953941
68954851
68959135
68959625
68962474
68989025
68989032
68989046
68995374
68995801
68996942
68997292
68997586
68998125
68998573
68998580
68999021
68999035
68999084
68999126
68999161
69000085
69001982
69002031
69002073
69003655
69003676
69003774
69004901
69005013
69008093
69008464
69008520
69010711
69011586
69024942
69024963
69024970
69024984
69025131
69025593
69027273
69027441
69030262
69030276
69030465
69030472
69030521
69032803
69033643
69033916
69036436
69039271
69041266
69041273
69041294
69041301
69041315
69041581
69045830
69045963
69046005
69046026
69047251
69050541
69050590
69050625
69050646
69050653
69050674
69050716
69050723
69050821
69050835
69050856
69050863
69050884
69050926
69050940
69050982
69050996
69051010
69051066
69051080
69051101
69051115
69051136
69051164
69051171
69051185
69051192
69051213
69051241
69051262
69051584
69052725
69053684
69053901
69054013
69054650
69054902
69055175
69055721
69057520
69057611
69057674
69057681
69057695
69057730
69057954
69059095
69059123
69059130
69060824
69061090
69061104
69062014
69062021
69062042
69062336
69062364
69062385
69063414
69065206
69065213
69065220
69065234
69065241
69065255
69065262
69065311
69065535
69065542
69066060
69068832
69069231
69070491
69070505
69070631
69071884
69071905
69071912
69071926
69072136
69072633
69073032
69073053
69073543
69073662
69073760
69073781
69073942
69073956
69073963
69073984
69073991
69074026
69074054
69074733
69074803
69074810
69074831
69074880
69074894
69074901
69074915
69074922
69074936
69074943
69074950
69074964
69074971
69074985
69074992
69075006
69075013
69075020
69075034
69075041
69075055
69075062
69075076
69075083
69075090
69075230
69075335
69075391
69075475
69075566
69076056
69076455
69078562
69078604
69078611
69080151
69080214
69080410
69080872
69081110
69081124
69081131
69081152
69081201
69081215
69081222
69081243
69081271
69081285
69081341
69081383
69081425
69081453
69081474
69081495
69081523
69081572
69081586
69081593
69081635
69081656
69081670
69081726
69081733
69081754
69081845
69081873
69081894
69081901
69081950
69081964
69081971
69082006
69082041
69082076
69082083
69082174
69082230
69082251
69082272
69082286
69082321
69082510
69082531
69082566
69082580
69082636
69082650
69082664
69082685
69082692
69082776
69082874
69082881
69082895
69082902
69082986
69083000
69083014
69083035
69083056
69083126
69083161
69083182
69083294
69083385
69083406
69083504
69083532
69083553
69083574
69083581
69083595
69083644
69083973
69084022
69084106
69084120
69084141
69084162
69084176
69084190
69084204
69084694
69084750
69086010
69087620
69087746
69088313
69089552
69089566
69089573
69089580
69089594
69091463
69091932
69091946
69091953
69091960
69091974
69091981
69091995
69092016
69092142
69092156
69092163
69092254
69092282
69092331
69092345
69092366
69092380
69092415
69092436
69092443
69092450
69092464
69092471
69093353
69093416
69093423
69093990
69094172
69094270
69094431
69094515
69094536
69095313
69095362
69095376
69095404
69096846
69096860
69098330
69098680
69098715
69098862
69098932
69098946
69098953
69099065
69099072
69099086
69100143
69100304
69100325
69100346
69100374
69101172
69101193
69101200
69101221
69101571
69101613
69102691
69102705
69102740
69102754
69102782
69102796
69102831
69103062
69104210
69104245
69104280
69104294
69104322
69104336
69104385
69104896
69105134
69105155
69105162
69105183
69105190
69105204
69105225
69105232
69105246
69105253
69105274
69105302
69105330
69105351
69105806
69105813
69107045
69108235
69108256
69108613
69110482
69110496
69110503
69110510
69110524
69110531
69110552
69110566
69110601
69110615
69110622
69110636
69110671
69110685
69110692
69110720
69110734
69110741
69110755
69110762
69110776
69110783
69110804
69110832
69110846
69110853
69110860
69110895
69110902
69111056
69111133
69111252
69111273
69113506
69113534
69113541
69117300
69117314
69117426
69117440
69117461
69117825
69117832
69117846
69117853
69118084
69118154
69118196
69118294
69118651
69118665
69118686
69118770
69118896
69120023
69120030
69122403
69122592
69123824
69123831
69123845
69123880
69123894
69123936
69123943
69123950
69123964
69124006
69124020
69124041
69124076
69124083
69124090
69124111
69124125
69124153
69124174
69124244
69124272
69124293
69124314
69124321
69124335
69124356
69124391
69124405
69124433
69124475
69124482
69124510
69124524
69124531
69125364
69125392
69125406
69126862
69127590
69127653
69127744
69127863
69128836
69128864
69128885
69128892
69128920
69129760
69129802
69130222
69130516
69130530
69130551
69132812
69132945
69133274
69133344
69133421
69133442
69133680
69133876
69134044
69134534
69134555
69134562
69134632
69134646
69134653
69134660
69134681
69135171
69135192
69135325
69135381
69135402
69135472
69136186
69136865
69136935
69138083
69138090
69138125
69138223
69138265
69138272
69138300
69138321
69138335
69138342
69138405
69138433
69138440
69138503
69138524
69138580
69140302
69140323
69140351
69140372
69140470
69140610
69140624
69140631
69140645
69140652
69141135
69142640
69143200
69143221
69144320
69144712
69144754
69144901
69144915
69144922
69144936
69144964
69144992
69145006
69145013
69145020
69145034
69145041
69145062
69145076
69145083
69145090
69145244
69145951
69146952
69146980
69147106
69147113
69147120
69147904
69148331
69148352
69148373
69148471
69148513
69148555
69148590
69148646
69149381
69149402
69149626
69149675
69149696
69149815
69150515
69150592
69151740
69152293
69152972
69153364
69154253
69154876
69154932
69154960
69157550
69157564
69157571
69157585
69157592
69158054
69158222
69158236
69158411
69158425
69158453
69158523
69159062
69159076
69159083
69159090
69159104
69159111
69159181
69159202
69159216
69159223
69159230
69159244
69159251
69159265
69159272
69159286
69159503
69160014
69160056
69160196
69160546
69160574
69162856
69162863
69162884
69162933
69163913
69164060
69164074
69164081
69164095
69164102
69164116
69164123
69164704
69164760
69164774
69164781
69164900
69166146
69166461
69167084
69167105
69167882
69168050
69168064
69168260
69168281
69168344
69168414
69168421
69168736
69168750
69168771
69168806
69170311
69170353
69170381
69170521
69171235
69171305
69172824
69172845
69172866
69174553
69175386
69175904
69176485
69178221
69178235
69178242
69178256
69178263
69178284
69178291
69178305
69178326
69178354
69178361
69178403
69178424
69178445
69178452
69178473
69178480
69178494
69178501
69178536
69178550
69178564
69178571
69178585
69178592
69178613
69178620
69178634
69178655
69178683
69178704
69178725
69178753
69178760
69178774
69178942
69178963
69179285
69179306
69179334
69179446
69179495
69179502
69179516
69181021
69181035
69181042
69181056
69181063
69181070
69181084
69181091
69181105
69183415
69183870
69184045
69184136
69184395
69184486
69184836
69184850
69184871
69184892
69184913
69184955
69184962
69184983
69185011
69185046
69185053
69185060
69185095
69185102
69185123
69185144
69185151
69185186
69185193
69185200
69185221
69185235
69185473
69185480
69185515
69185921
69186012
69186481
69186502
69186775
69186782
69186796
69186803
69186810
69186824
69187132
69187930
69189141
69189155
69190254
69190366
69190632
69190702
69190814
69190926
69191003
69191185
69191192
69191332
69191374
69191402
69192431
69193985
69194062
69194076
69194083
69194090
69194104
69194111
69194384
69194412
69194454
69194461
69194482
69194496
69194510
69194566
69194594
69194601
69194622
69194713
69194720
69194741
69194755
69194783
69194790
69194804
69194811
69194860
69194874
69194881
69195021
69198024
69198143
69198213
69198556
69199081
69199151
69199354
69199410
69199536
69199655
69201832
69202161
69202175
69202182
69202196
69202203
69202210
69202231
69202245
69202252
69202273
69202280
69202294
69202301
69202322
69202616
69202644
69202854
69202882
69202896
69202903
69202910
69202924
69202931
69202945
69202952
69202966
69202994
69203001
69203015
69203036
69203043
69203064
69203085
69203092
69203106
69203113
69203715
69203834
69205094
69205115
69206312
69206340
69206361
69206452
69207726
69207761
69208034
69208083
69208342
69208391
69208916
69209266
69209483
69209490
69211653
69211772
69212402
69213942
69214446
69215020
69215062
69215503
69216063
69216084
69216175
69216266
69216364
69216385
69216392
69216511
69216665
69216672
69216735
69216854
69217246
69217253
69219136
69219143
69221950
69221964
69221971
69221985
69222006
69222013
69222020
69222034
69222041
69222090
69222104
69223525
69226010
69226024
69226045
69226066
69226451
69227046
69228425
69228432
69228446
69228460
69228474
69228481
69228495
69228502
69228530
69228544
69228551
69228565
69228586
69228593
69228600
69228614
69228873
69228880
69228894
69228915
69228922
69228936
69228943
69228950
69228985
69228992
69229006
69229020
69229034
69229041
69229055
69229076
69229111
69229132
69229160
69229174
69229195
69229202
69229216
69229223
69229230
69229244
69229272
69229286
69229293
69229314
69229321
69229335
69229342
69229356
69229363
69229370
69229384
69230084
69230126
69230154
69230161
69231015
69231022
69231260
69231526
69231904
69235012
69239716
69240416
69240535
69241053
69241074
69241725
69242453
69242460
69242481
69242586
69247241
69247444
69247591
69248102
69268171
69268192
69268206
69268710
69284635
69284663
69284684
69286126
69286140
69308246
69309212
69309226
69309254
69309380
69309394
69309436
69309450
69309471
69310003
69310094
69310101
69310171
69311662
69311872
69312075
69312173
69312194
69312271
69312313
69313426
69313433
69313440
69313482
69313510
69313650
69313783
69313804
69316611
69316632
69316646
69316744
69321091
69321504
69333264
69333271
69333306
69333376
69334664
69334860
69334881
69335525
69384693
69384742
69385820
69387654
69389110
69389131
69389824
69390230
69390783
69391455
69391742
69392106
69394731
69394801
69397230
69399890
69399911
69400520
69400604
69400884
69400912
69402305
69402333
69403411
69403425
69403796
69404776
69404783
69410544
69410572
69412126
69412315
69412616
69415542
69415703
69418580
69419196
69419203
69419224
69419231
69419266
69419301
69419350
69419595
69419602
69419693
69419700
69419714
69419721
69419735
69420211
69421380
69424684
69466145
69466621
69466796
69466845
69466866
69466880
69466894
69466922
69466936
69467181
69467216
69467244
69468133
69468161
69468175
69468280
69468294
69468315
69468322
69468336
69468350
69468364
69468476
69468931
69469022
69469050
69469085
69469106
69469176
69471500
69471514
69471556
69471983
69472130
69472466
69472480
69473222
69473411
69473880
69474643
69475175
69475294
69478010
69478066
69478080
69478094
69478101
69478115
69478143
69478164
69478185
69478192
69478206
69478213
69478220
69478234
69478241
69479704
69479746
69479781
69479816
69480222
69485675
69485885
69486655
69486760
69486872
69487964
69487992
69488020
69488041
69488195
69488230
69488272
69488300
69489231
69489245
69489252
69490043
69490071
69490106
69490813
69491135
69493193
69493235
69493403
69493550
69494271
69494446
69494516
69494796
69494964
69495622
69495685
69496105
69496126
69496133
69497232
69497246
69497260
69498310
69498331
69498401
69499423
69499542
69499626
69499633
69499654
69499661
69499675
69499682
69499724
69499731
69499745
69499752
69499766
69499780
69499794
69499801
69499815
69499822
69499843
69499871
69499885
69499892
69499906
69499913
69499934
69499941
69499955
69499962
69499976
69499983
69499990
69500004
69500032
69500046
69500053
69500060
69500074
69500095
69500102
69500116
69500123
69500144
69500151
69500165
69500172
69500186
69500193
69500214
69500235
69500242
69500256
69500263
69500291
69500305
69500312
69500354
69500361
69500375
69500382
69500396
69500403
69500410
69500424
69500431
69500445
69500452
69500466
69500473
69500480
69500494
69500501
69500515
69500522
69500536
69500543
69500550
69500564
69500585
69500592
69500606
69500620
69500655
69500662
69500676
69500683
69500690
69500704
69500711
69500732
69500746
69500753
69500760
69500795
69500816
69500823
69500830
69500865
69500872
69500886
69500893
69500900
69502216
69502314
69502356
69502370
69503112
69503266
69503280
69504162
69504225
69504323
69504351
69504414
69504456
69504505
69504526
69504533
69504561
69504596
69505485
69505520
69506052
69506164
69506290
69506325
69506444
69506451
69506633
69507725
69507900
69507942
69507970
69507984
69508334
69509636
69509720
69509734
69509741
69509825
69509916
69509944
69510035
69510042
69510210
69510294
69510322
69510574
69510595
69510833
69510945
69511603
69511610
69512065
69512156
69512471
69512604
69514711
69514746
69514774
69514816
69514844
69514872
69515033
69515061
69515096
69515124
69515166
69515222
69515271
69517056
69517105
69517476
69517511
69517924
69518022
69520465
69520626
69520640
69521004
69521011
69521186
69521214
69521263
69521403
69521452
69521683
69522201
69523181
69523195
69523202
69523503
69523734
69523832
69524014
69524070
69524231
69524343
69524385
69524441
69524735
69524812
69524840
69526555
69527325
69527374
69527395
69527423
69527451
69527465
69527535
69528333
69528606
69528641
69528704
69530300
69531980
69532722
69533170
69533184
69533296
69533310
69533982
69534003
69534010
69534325
69534332
69534346
69534360
69534381
69534444
69534451
69534465
69534472
69534486
69534843
69534864
69534962
69534976
69535025
69535074
69535081
69535095
69535130
69535193
69535214
69536852
69536866
69536936
69538294
69538784
69538791
69540002
69540016
69540023
69540030
69540044
69540051
69540093
69540100
69540121
69540170
69540184
69540212
69540226
69540233
69540240
69540716
69540723
69540744
69540765
69540772
69540786
69540793
69540800
69540821
69540835
69540856
69540870
69540884
69540891
69540905
69540912
69540926
69540933
69540940
69540954
69540961
69540982
69540996
69541010
69541024
69541045
69541066
69541073
69541080
69541143
69541185
69541213
69541220
69541234
69541241
69541262
69541276
69541283
69541290
69541311
69544300
69544356
69544363
69544370
69544384
69544454
69544475
69544482
69544573
69544643
69545693
69545721
69545735
69545756
69545791
69545805
69545812
69546281
69546582
69546862
69546904
69546932
69546974
69547261
69547310
69547723
69547996
69549004
69549053
69549130
69549151
69549172
69549221
69549291
69549305
69549333
69549473
69549480
69549522
69550033
69550565
69550733
69550740
69550873
69551426
69551692
69551713
69551790
69551902
69552091
69552224
69552252
69552273
69552343
69552364
69552385
69552441
69552455
69552476
69554380
69554555
69554625
69554653
69554660
69555150
69555171
69555185
69555192
69555206
69555213
69555255
69555276
69555304
69555311
69555325
69555346
69555353
69555360
69555374
69555395
69555402
69555416
69555423
69555430
69555444
69555465
69555472
69555500
69555514
69555542
69555563
69555584
69555633
69556725
69557054
69557796
69560113
69560274
69560316
69561233
69561282
69562332
69562430
69562451
69562885
69562892
69563564
69563585
69563795
69563991
69564033
69564194
69564292
69564313
69564334
69564425
69564446
69564530
69564572
69564586
69564593
69565020
69565671
69565692
69565755
69565832
69565846
69565923
69565930
69565965
69565986
69565993
69566056
69566154
69566161
69566175
69566210
69566224
69566252
69566392
69566406
69566581
69566595
69566805
69566840
69569990
69570753
69570760
69570774
69570781
69570795
69570802
69571264
69572622
69574260
69575450
69576374
69577270
69577284
69577305
69577970
69577991
69578523
69578530
69578544
69578551
69578831
69578866
69578880
69578894
69578936
69579013
69579041
69579055
69581050
69581071
69581176
69581246
69581414
69581624
69581680
69581715
69582401
69585523
69586622
69586685
69586790
69586874
69586916
69586965
69587091
69587105
69587133
69587140
69587203
69587210
69587252
69587266
69587483
69587945
69588603
69588624
69588666
69588673
69588722
69588736
69588750
69588764
69588792
69588806
69588820
69588841
69588953
69589044
69589121
69589135
69589142
69589345
69589541
69589590
69589632
69590094
69590710
69590724
69594616
69594896
69596156
69596163
69598830
69598844
69598851
69599481
69601721
69602211
69602295
69602302
69602316
69602323
69602330
69602344
69602351
69602365
69602372
69602386
69602393
69602400
69602414
69602456
69602582
69602610
69602652
69602694
69602743
69604010
69604255
69604605
69604633
69604640
69604654
69607510
69609001
69609225
69612711
69612725
69613964
69617471
69617506
69617674
69617723
69617744
69617786
69617961
69618472
69618486
69618493
69618500
69618514
69618521
69618535
69618542
69618556
69618563
69618570
69619522
69619550
69619844
69620572
69620656
69620705
69620754
69620852
69621055
69622560
69622574
69622581
69622644
69622672
69622693
69622882
69622896
69622903
69622910
69622924
69622931
69622952
69622966
69622973
69622980
69622994
69623001
69623015
69623022
69623036
69623043
69623050
69623064
69623071
69623092
69623113
69623120
69623134
69623344
69623442
69625115
69625122
69625206
69625213
69625423
69625430
69625444
69625451
69625465
69625472
69625500
69625605
69625962
69626011
69627894
69628265
69628426
69628510
69628552
69628566
69628846
69628860
69629000
69629014
69629742
69629805
69629924
69630281
69632003
69632374
69632983
69632990
69633004
69633011
69633060
69633102
69633123
69633144
69633186
69633312
69633333
69633340
69635111
69635251
69635461
69635475
69635804
69635811
69636126
69638723
69639955
69640081
69645562
69645590
69653360
69654473
69654480
69659905
69659954
69660122
69660136
69660143
69660423
69662873
69664210
69664686
69664700
69664721
69667451
69667626
69668900
69668914
69669250
69680716
69681003
69681136
69681521
69681556
69681563
69681570
69681591
69681605
69681626
69691615
69691860
69693134
69696830
69696844
69696893
69697964
69697992
69698244
69698251
69698272
69699091
69700323
69700862
69702045
69702052
69702066
69702080
69702563
69702591
69702626
69702696
69703193
69704425
69705531
69705594
69705601
69706532
69706973
69706980
69706994
69707001
69707015
69707036
69707043
69707050
69707071
69707092
69707106
69711446
69711460
69711474
69712566
69712573
69712636
69712685
69713231
69713266
69713420
69713455
69713574
69717690
69717704
69717711
69717725
69717732
69717746
69717753
69717760
69717774
69717781
69717795
69718782
69718831
69718894
69718964
69721050
69722765
69722772
69722786
69722821
69722884
69722933
69723031
69723052
69723066
69723220
69723234
69723472
69723486
69723493
69723500
69723654
69723675
69723682
69725544
69727735
69727742
69731291
69731354
69731865
69732152
69732180
69732355
69732411
69732453
69732572
69733566
69733580
69733860
69735505
69735512
69735533
69735694
69753824
69754132
69754146
69754174
69754181
69754195
69754202
69754216
69780802
69799184
69799303
69799702
69799730
69799744
69800220
69800955
69801011
69801046
69801074
69808186
69808263
69808312
69808536
69833302
69834275
69834513
69834520
69835381
69836270
69837040
69837054
69837075
69837103
69837124
69837152
69837166
69837173
69837180
69837222
69837236
69837250
69837264
69837285
69837292
69837306
69837313
69837320
69837334
69837355
69837383
69837404
69837411
69837425
69837656
69837726
69837733
69837894
69837936
69838370
69838804
69839343
69840442
69856381
69856395
69856430
69856465
69856472
69856780
69856801
69858740
69860056
69860483
69860490
69860504
69860511
69861743
69863262
69863311
69863654
69863696
69863710
69863731
69863766
69863815
69863836
69863906
69863920
69864081
69865873
69866615
69867231
69867721
69867735
69867742
69867756
69867770
69868190
69868463
69868491
69868554
69868561
69868666
69869583
69870724
69871165
69872131
69872145
69872152
69872173
69872180
69872194
69872201
69872215
69872222
69872243
69872250
69873692
69873783
69873895
69873902
69873923
69876534
69882512
69882680
69884206
69884213
69884234
69884262
69884423
69884430
69885956
69885970
69885991
69886425
69886432
69886453
69886523
69886551
69886565
69886614
69886635
69886691
69886712
69886726
69886761
69886782
69886845
69886873
69886901
69887062
69887083
69887160
69887174
69887195
69887216
69887244
69887251
69887265
69887286
69887363
69887384
69888091
69888105
69888133
69888924
69891234
69891304
69892396
69895805
69895875
69896995
69898535
69899102
69899214
69900544
69900775
69900803
69900810
69900852
69901146
69901153
69901216
69901265
69901314
69901825
69901874
69902161
69903631
69903645
69903673
69903680
69903694
69903701
69903715
69903736
69903743
69903862
69903876
69903890
69903911
69903946
69903953
69903960
69905052
69905066
69905080
69905094
69905122
69905143
69907355
69907586
69907712
69907733
69907845
69907852
69907866
69907873
69907880
69907901
69907915
69907922
69907936
69907950
69907971
69908013
69908062
69908090
69908202
69908223
69908342
69908363
69908426
69908433
69918415
69918422
69918436
69918443
69918450
69918464
69918471
69918485
69918492
69918513
69918555
69918562
69918576
69918590
69918625
69918632
69924484
69924932
69924953
69925275
69925352
69925422
69925443
69925632
69925674
69926423
69927326
69932884
69933416
69933801
69934116
69934312
69934431
69934956
69935082
69935096
69935103
69935110
69935124
69940080
69940241
69941291
69941375
69941396
69941431
69941466
69941536
69941641
69941655
69941676
69941683
69941746
69941753
69941830
69941914
69942033
69942110
69942152
69942201
69942243
69942306
69943160
69943174
69943496
69944112
69945645
69946415
69946702
69947094
69947731
69947906
69947913
69947983
69948046
69948060
69948291
69948326
69948333
69950223
69950230
69950251
69950265
69950552
69950594
69950881
69950965
69950972
69951063
69951112
69951133
69951231
69951441
69951595
69951672
69951714
69951826
69951833
69951931
69951966
69952162
69952211
69952246
69952253
69952260
69952414
69952582
69952673
69952722
69952736
69952785
69952876
69952911
69952946
69952953
69952981
69952995
69953002
69953065
69953086
69953191
69953653
69953702
69953723
69953765
69954024
69954031
69954136
69954486
69954682
69955606
69955613
69955634
69955893
69955914
69956005
69957930
69957972
69957986
69958175
69958455
69958616
69958623
69958840
69958854
69958861
69958931
69959064
69959204
69960555
69960576
69962053
69962081
69967891
69968563
69968675
69969984
69969991
69970663
69970684
69970705
69970712
69970733
69970740
69970810
69970852
69970873
69971356
69971370
69971545
69972420
69973162
69973211
69973505
69973540
69973603
69973666
69974324
69974380
69975381
69976571
69977012
69977726
69977852
69980134
69980183
69980190
69980211
69980232
69980974
69980981
69980995
69981002
69981016
69981555
69983844
69983935
69984593
69985482
69988415
69990291
69990431
69990515
69990522
69990543
69990564
69990683
69990690
69990746
69990844
69990865
69990893
69990914
69990942
69991033
69991054
69991075
69991341
69991390
69991831
69991915
69995583
69995674
69995723
69996514
69996794
69996822
69996885
69997200
69997242
69997263
69997270
69997284
69998271
69998334
69998341
69999881
70000672
70001981
70002002
70002016
70005635
70005642
70005726
70005740
70006300
70006335
70006342
70006356
70006363
70006370
70006391
70006405
70006412
70009212
70009562
70009870
70009982
70009996
70010003
70010052
70010094
70010136
70010143
70012180
70012292
70012306
70012320
70012334
70013055
70013685
70013853
70013874
70013881
70013895
70013923
70014091
70014175
70016856
70016863
70016870
70017913
70018284
70021742
70021791
70021833
70022085
70026593
70027440
70029106
70031521
70035133
70035140
70035161
70035175
70035203
70035210
70035224
70035245
70035252
70035273
70035294
70035301
70035315
70035322
70035343
70035350
70035364
70035392
70035406
70035420
70035434
70035455
70035462
70035476
70035490
70035504
70035511
70035672
70035693
70035931
70035973
70035980
70036106
70036120
70036274
70036435
70036456
70036470
70036491
70036512
70036554
70037604
70037625
70037632
70037646
70037653
70037660
70038444
70038451
70038493
70038535
70038605
70038654
70038675
70038745
70038752
70038906
70038990
70039053
70039074
70039081
70039116
70039501
70040124
70040341
70041083
70041230
70041342
70041524
70041825
70041881
70042000
70042224
70042245
70042301
70042364
70042371
70045094
70045115
70045360
70045724
70045976
70046004
70046634
70047621
70047656
70047684
70047705
70047726
70047775
70047901
70047915
70047964
70047992
70048132
70048552
70048594
70048664
70048762
70049161
70049350
70049364
70049371
70049406
70049462
70050841
70051030
70051184
70051702
70051730
70051751
70051891
70051905
70051961
70052031
70054215
70054775
70055650
70056532
70056770
70056791
70057904
70058366
70058464
70058905
70059906
70060214
70060711
70060893
70062370
70062384
70062671
70062685
70062692
70062706
70062713
70062720
70062916
70062923
70062930
70062944
70062965
70062972
70064092
70064232
70064281
70064302
70064554
70064610
70067025
70068684
70068726
70071645
70072002
70073444
70073493
70073556
70076426
70076433
70076440
70076454
70076461
70077406
70078036
70080143
70080213
70080255
70080290
70080325
70080500
70081606
70081641
70081662
70081676
70081683
70081711
70081732
70092911
70092946
70108325
70108402
70108486
70108521
70108556
70108605
70108626
70108633
70108640
70108654
70108710
70108745
70108780
70108794
70108822
70108850
70108864
70108920
70108955
70108962
70108976
70109025
70109032
70109116
70109144
70109151
70109172
70109186
70109193
70109214
70109235
70109242
70109256
70109270
70109340
70109410
70109424
70109466
70109501
70109522
70109536
70110082
70110201
70110425
70110530
70110544
70112280
70112455
70112483
70112490
70112504
70112672
70112791
70112805
70113491
70114030
70114044
70114051
70114065
70114072
70114086
70114093
70114142
70114184
70114233
70114310
70114373
70114842
70115101
70115122
70115262
70115290
70115304
70116312
70116473
70116501
70116522
70116571
70116592
70117096
70117103
70117145
70119721
70120092
70120365
70120372
70120400
70120442
70120771
70120855
70120911
70120925
70120981
70120995
70121443
70121450
70121464
70122290
70122304
70122311
70122325
70122332
70122346
70122353
70173544
70173663
70173726
70173824
70174041
70174146
70174993
70178563
70178584
70178871
70178885
70178934
70178941
70178955
70178962
70179130
70179172
70179284
70179291
70179305
70179466
70179655
70183162
70183190
70183211
70185290
70186333
70186340
70186354
70190351
70190372
70196714
70196721
70196742
70196784
70196812
70196826
70196833
70196854
70196875
70196882
70196896
70196910
70196924
70196931
70196945
70196952
70196966
70196973
70196980
70197015
70197036
70197043
70197050
70197071
70197085
70197092
70197120
70197141
70197162
70197176
70197204
70197246
70197295
70197330
70197393
70198310
70198492
70199850
70199892
70199906
70201166
70201180
70201824
70202223
70202531
70204043
70204092
70204106
70209461
70209881
70209923
70209965
70210014
70212093
70212380
70217322
70218925
70218981
70219002
70219366
70219373
70219380
70219401
70219415
70219422
70219751
70219842
70219905
70219933
70221263
70222502
70225113
70225372
70228774
70228991
70231714
70233583
70233646
70233681
70233695
70233716
70233856
70233933
70235130
70235186
70235396
70235781
70235816
70235900
70235956
70237223
70237545
70237601
70238791
70240100
70240821
70240835
70241010
70241024
70241045
70241080
70243803
70243852
70244020
70244405
70244475
70244496
70244944
70245434
70248122
70252105
70252301
70253841
70253855
70253862
70254030
70254814
70254835
70254842
70257166
70257250
70257341
70257565
70258076
70279902
70281680
70283871
70284172
70284214
70284284
70286083
70286090
70286132
70286160
70286174
70286342
70316085
70316372
70316442
70316904
70316925
70317912
70317926
70317940
70319144
70321615
70322140
70322154
70322161
70322175
70322182
70322196
70322203
70322210
70322224
70322245
70322252
70322826
70322896
70323106
70324716
70327222
70327320
70327565
70327572
70327586
70327593
70327621
70327635
70327642
70327656
70331555
70331562
70331576
70331590
70334145
70334740
70334880
70340613
70340620
70340634
70340641
70340655
70340676
70340683
70340690
70340704
70340711
70340725
70340732
70340753
70340760
70340774
70341551
70341593
70344141
70344155
70344162
70344183
70344190
70347361
70347375
70347655
70347816
70348005
70348593
70348733
70349272
70349853
70349860
70349874
70349881
70349895
70349902
70349916
70349923
70349930
70349944
70349951
70350042
70350182
70350756
70350770
70351540
70351666
70357126
70398006
70398034
70398965
70399616
70399623
70399630
70399644
70399812
70403886
70405580
70406315
70406875
70408765
70408772
70408786
70408800
70408814
70408821
70408835
70408842
70408856
70408870
70408891
70408926
70408933
70409654
70409661
70410074
70410872
70410886
70410893
70410900
70410914
70410921
70410935
70410942
70410956
70410963
70413042
70413056
70413364
70413861
70413994
70414001
70414015
70414022
70414036
70414414
70415345
70415674
70415695
70415702
70415744
70415772
70415786
70415814
70415835
70415870
70415891
70415996
70416052
70416150
70417312
70420371
70420413
70420420
70420595
70420602
70420616
70420896
70434735
70460824
70460831
70460845
70460852
70460866
70460873
70460880
70460894
70460901
70460915
70460922
70460936
70460943
70460950
70460964
70460971
70461020
70461041
70461055
70461062
70461076
70461216
70461293
70461363
70461370
70461384
70461391
70461433
70461440
70461503
70461825
70462350
70462371
70462385
70462392
70462406
70462413
70462420
70462434
70462441
70462602
70462616
70462630
70462644
70462665
70462693
70462714
70462721
70462735
70462756
70462763
70462770
70462784
70462805
70462812
70462826
70462833
70462840
70462854
70462861
70462875
70462882
70464233
70466011
70466025
70466466
70469175
70469203
70469210
70469385
70469392
70469490
70469546
70469651
70469721
70469945
70470015
70470456
70470554
70470603
70471226
70471233
70472290
70473305
70473361
70475125
70475986
70476021
70479311
70479325
70479836
70479864
70480515
70483735
70483756
70483770
70483784
70483791
70483805
70484463
70484470
70484484
70484491
70484505
70484512
70484526
70484533
70484540
70484554
70484561
70484575
70484582
70484596
70484603
70485373
70485506
70485590
70485604
70485905
70489594
70489741
70490854
70491155
70491855
70493500
70493514
70495061
70495082
70495096
70495334
70495362
70495376
70495390
70506044
70507941
70507976
70508060
70508074
70508095
70508151
70508284
70508340
70508361
70509901
70511175
70511490
70511945
70512071
70512225
70512246
70513226
70513324
70513331
70513373
70513380
70513394
70513415
70513443
70513485
70513520
70513716
70513751
70513765
70513786
70513856
70513905
70513961
70513982
70514136
70514171
70514206
70514493
70514591
70514612
70514626
70514633
70514640
70514654
70514661
70514675
70514682
70514850
70514864
70514885
70514913
70514955
70515032
70515053
70515235
70515613
70515676
70515753
70515760
70515865
70515900
70515935
70516264
70516320
70516341
70516376
70516383
70516425
70516432
70516446
70516453
70516516
70516523
70516586
70516600
70516614
70518826
70518854
70518875
70518896
70519260
70519414
70519421
70519442
70519456
70520660
70520793
70520821
70520996
70521003
70521010
70521024
70521031
70521045
70521276
70521304
70521311
70521325
70521332
70521346
70521374
70521654
70521843
70521864
70522452
70522466
70522634
70522641
70522690
70522704
70522823
70522830
70522963
70522970
70522984
70522991
70523404
70523460
70523614
70525070
70525623
70525742
70528290
70528304
70528332
70528346
70528360
70528381
70528451
70528472
70528605
70530586
70532203
70533421
70535122
70535136
70535143
70535150
70536011
70536025
70536032
70536046
70536060
70536452
70536564
70536571
70536613
70536704
70537166
70537726
70539301
70541100
70541156
70541170
70541611
70541646
70541695
70541702
70544334
70544390
70544425
70544432
70544453
70544460
70544481
70544495
70564781
70565964
70566020
70566041
70566062
70566104
70567231
70567294
70567322
70567343
70567350
70582295
70583891
70585011
70585130
70585144
70585641
70585662
70585830
70586775
70587832
70587874
70587951
70588021
70590303
70591171
70591276
70593075
70593803
70596113
70596120
70596295
70596414
70596491
70598416
70598451
70598563
70598661
70598941
70599102
70599123
70602714
70602721
70602966
70603050
70603064
70603134
70603631
70603750
70605374
70606522
70608524
70608594
70608601
70608636
70608643
70608664
70608685
70608720
70608741
70608755
70608762
70608860
70608951
70610316
70613515
70615370
70615426
70615440
70615461
70618065
70618086
70618156
70618562
70626115
70631652
70633836
70633843
70633850
70637084
70637210
70638141
70640101
70640206
70646912
70647003
70655361
70655375
70658581
70658602
70658623
70659946
70671482
70700574
70700595
70712131
70719621
70719642
70721294
70721301
70721315
70721336
70721385
70721392
70721406
70721420
70721455
70721476
70721483
70721525
70721791
70721840
70721924
70721973
70722050
70722106
70722225
70722281
70722652
70723261
70723401
70723492
70723506
70723513
70723520
70723534
70723555
70723562
70723576
70723583
70723590
70723625
70723632
70723751
70724374
70724584
70724654
70724731
70724766
70724962
70724990
70725025
70725095
70725242
70725305
70725361
70725424
70725494
70725515
70725522
70725620
70725963
70726180
70726285
70726411
70726432
70726446
70726460
70726474
70726481
70726495
70726502
70726516
70726523
70726530
70726572
70726600
70726621
70726635
70726656
70726663
70726684
70726726
70726915
70726950
70727181
70727265
70727272
70727391
70727433
70727496
70727594
70727664
70727706
70727713
70727790
70727923
70727986
70728336
70729624
70729631
70730205
70730261
70730275
70730352
70730443
70730485
70730506
70730534
70730555
70730653
70730674
70730926
70730954
70730982
70731164
70731185
70731192
70731234
70731255
70731290
70731311
70731332
70731360
70731374
70731402
70731416
70731430
70731465
70731626
70731675
70731682
70731696
70731745
70731766
70731794
70731801
70731822
70731836
70731843
70731885
70731892
70731913
70731941
70731955
70731976
70732102
70732123
70732865
70732886
70732893
70732900
70732935
70732942
70732984
70733033
70733110
70733215
70733222
70733264
70733292
70733306
70733334
70733341
70733355
70733600
70733635
70733663
70733670
70733754
70736050
70736071
70736092
70736106
70736134
70742455
70749266
70755776
70757120
70757141
70757162
70757176
70757183
70757204
70757295
70757302
70757323
70757330
70757351
70757365
70767466
70767865
70779681
70781921
70781942
70781956
70793002
70799036
70799050
70799113
70802326
70802424
70802802
70808360
70810516
70812476
70812924
70813743
70813925
70816830
70816851
70841953
70844095
70844116
70850395
70850444
70860181
735483
735490
763833
947366
951104
964460
