67024846
67024531
63972181
66399774
67481141
66741640
69599481
70350182
66352643
70319144
67997552
62148324
68285735
69834513
67997573
66101735
69977852
70647003
70350756
69520465
67997510
62088733
70536613
69550033
69394801
68885341
66767925
68738530
67997601
67997566
70413364
67997636
70793002
66762290
67997580
69175904
68619852
70350770
67997461
65974790
68449563
66560620
69412315
62147162
68203065
70327222
63233100
68674970
62829214
70349272
64323392
67132072
68213110
69694541
68997782
67219026
68202372
69694716
66443496
69026552
69026531
70211253
70211365
70211400
70211771
70211806
67218963
67219075
67219096
68913523
68913635
68913656
68913572
68913544
68913614
69694415
69694436
69694576
69694611
69694646
69694653
69694450
66443482
68202351
69694562
69694373
69694394
69694492
69694681
66571064
69692294
69692301
68213292
68213313
68213432
70211260
70211372
70211750
70211785
70211813
68198865
69692063
64671936
66443503
66920252
68213180
68913530
69692175
68913593
68913551
68913642
68913663
69026615
68913621
69026076
69026601
69694380
69694443
69694471
69694660
69694695
69694730
69026020
66443433
69692161
68913670
69694863
69695066
69695073
66443664
69027511
64644930
68913684
69027686
68213243
66443573
69026573
68213425
66443566
68913733
69692126
70211134
70211211
70211302
70211330
70211862
70212324
70211281
70211386
70211764
70211792
70211820
68913740
69694912
68213264
69694422
69694464
69694506
69694513
69026475
69026482
68213411
69026496
69026524
54302675
66443636
67334071
69694891
69694485
69694954
69694975
66443412
69026440
68997740
69692203
70211295
69695080
66443601
66443426
66579254
66443545
68213404
69694884
69692133
68913691
66500826
66500833
68913705
66213126
69692182
66443251
66443272
66443531
69692105
66443090
66443160
66443356
67024524
66443293
66443286
69695206
67024545
69026041
69026104
69692140
66444420
66444462
70211834
70211953
70211995
70212023
70212065
70212156
70212184
70212233
66443594
69695164
69695241
69692371
70211176
70211232
70211316
70211344
70211876
69692112
69695150
67334225
66443615
67024433
70214375
69507291
69695010
68997705
67024552
68913775
68913782
69027644
69695171
66443622
68997712
69026083
66443650
69692196
68213236
69535480
69694940
69707162
69694905
66442943
66442964
66443405
69694961
69695045
70214403
69026055
67592231
67080594
66443363
69507305
66443195
69507312
69694842
66442782
66443580
66443076
66442852
69695122
70214452
70214473
68913754
66443391
68913761
69027525
69027665
69535494
66442985
69535501
66442971
66443181
69707211
66442670
68913712
68913726
66443230
69026461
70216461
70216482
66443321
70211183
70211246
70211323
70211351
70211883
66443223
66443216
69695143
66443202
69692385
70216433
70216475
69707183
66443335
69695185
66443370
69027546
68997726
66443643
68997733
66444434
66444476
70211960
70212002
70212030
70212121
70212163
70212191
70212240
69692154
66442873
66443153
70216510
66442922
66442761
66442880
66442894
70214242
70214396
69619830
70214445
69958392
69695192
70216503
66442901
66442915
70211204
70214361
66443041
67024454
67024475
70214235
66443510
66444700
70212261
65056635
66444665
66444714
66444721
67334841
70212415
70212576
70213101
70214494
70214522
70214410
66444483
69692273
66443062
66444441
70211974
70212016
70212044
70212142
70212170
70212205
70212254
68213355
66442845
66443174
70214480
69862443
69388753
69388760
70214221
66442866
70212905
70212611
70212681
70212870
70212933
70212975
70213010
70214501
70214515
70214536
70214543
66442733
66443006
69027560
70741965
70214424
70217511
70211890
70212226
66442754
70214431
70214571
66444770
68995570
69187314
70212751
70212835
69026643
66442691
66442726
70214382
69026671
70214634
70214662
69027623
70214704
70214802
70214172
66443034
70214725
70214732
69707232
69027581
66832773
70212275
67334771
70212436
70212583
70213115
66443314
68995024
69027630
70214641
70214655
70214683
70214690
70217546
70217483
70212625
70212716
70212884
70212954
70212982
70213024
70212534
69400674
69388802
69388816
69400681
69400695
70214564
66904306
66832780
67334855
70212296
70212443
70213122
69694996
70212772
70212842
69394710
70214795
70212996
70212394
70212450
70212513
70212604
70212632
70212744
70212891
70212926
70212961
70213031
70213136
67334701
70212793
70212856
70213003
70212653
70212730
70213045
70212541
70213094
70212814
70212863
70212555
